15
40
0 0.000987195040255462 0.02200000000000002 7.724907597312889e-05 1.9764837477388232e-05
1 0.0020615962165784207 0.0675 4.060782684653006e-05 9.642094522494786e-05
2 0.007472444160717462 0.02950000000000008 4.493190887740298e-05 9.525091346010214e-05
3 0.0007666415091074352 0.05249999999999999 7.864972664344837e-05 5.591363519661963e-05
4 0.0037706991624312236 0.019500000000000073 5.855484653145938e-05 2.8100909500855012e-05
5 0.005648014624650033 0.06000000000000005 1.889027712723862e-05 3.326681115506176e-05
6 0.0034845005029349174 0.03249999999999997 7.777587658981836e-05 8.208297220375773e-05
7 0.00264938534495629 0.03049999999999997 3.967660518814423e-05 7.45172053593821e-05
8 0.0018602875167497146 0.2889999999999999 3.5691299612243416e-05 6.179083484675874e-05
9 0.0027969462254865407 0.03600000000000003 3.6389214530520376e-05 6.310287134125579e-05
10 0.004700129885763182 0.031000000000000028 4.508591379019957e-05 3.6406019365972954e-05
11 0.0031525732071964185 0.04400000000000004 4.446176531718629e-05 5.8491459165919255e-05
12 0.0011352639964726796 0.04249999999999998 0.00012008705543728816 6.294395335226577e-05
13 0.0039052323699648728 0.10199999999999998 2.8972751607050215e-05 5.9076475179567374e-05
14 0.004574384650433805 0.04800000000000004 3.702425673135473e-05 3.807670395346203e-05
0 1 0.0322321548761515
0 14 0.04151896906577493
1 0 0.0322321548761515
1 2 0.02194931952219542
1 13 0.08485635680437481
2 1 0.02194931952219542
2 3 0.03613712058233848
2 12 0.040799608235851215
3 2 0.03613712058233848
3 4 0.014929223722658508
3 11 0.032548450651080085
4 3 0.014929223722658508
4 5 0.029660289547729507
4 10 0.025251658457124126
5 4 0.029660289547729507
5 6 0.048419995090457635
5 9 0.03764254064101802
6 5 0.048419995090457635
6 8 0.029572892865055878
7 8 0.03037226372592483
8 6 0.029572892865055878
8 7 0.03037226372592483
8 9 0.029717429272822976
9 5 0.03764254064101802
9 8 0.029717429272822976
9 10 0.03679543970772209
10 4 0.025251658457124126
10 9 0.03679543970772209
10 11 0.032852841999066046
11 3 0.032548450651080085
11 10 0.032852841999066046
11 12 0.02828904911321603
12 2 0.040799608235851215
12 11 0.02828904911321603
12 13 0.030725171982695504
13 1 0.08485635680437481
13 12 0.030725171982695504
13 14 0.05046161964246265
14 0 0.04151896906577493
14 13 0.05046161964246265
